	rem raum 0
	rem  00 01 02 03 03 05 06 07 08 09 10 10 12 13 14 15 16 17 18 19
	data 03,03,03,03,03,03,03,03,03,03,03,03,03,03,03,03,03,03,03,03 : rem 00
	data 03,10,10,10,10,10,10,10,10,10,10,10,10,10,10,10,10,10,10,03 : rem 01
	data 03,10,02,02,02,02,02,02,10,02,02,02,02,02,02,02,01,02,10,03 : rem 02
	data 03,10,00,00,00,00,00,00,10,00,10,00,00,00,00,00,00,00,10,03 : rem 03
	data 03,10,00,00,00,00,00,00,10,00,10,00,00,00,00,00,00,00,10,03 : rem 04
	data 03,10,00,07,00,00,00,00,10,00,10,00,00,00,00,00,07,00,10,03 : rem 05
	data 03,10,10,10,10,10,10,10,10,00,10,10,10,10,10,10,10,10,10,03 : rem 06
	data 03,03,03,03,03,03,03,03,10,10,10,03,03,03,03,03,03,03,03,03 : rem 07
	data 255,255,255,255,0